A = [...
    1 -8;
    -8 8;
    6 2];

B = [...
    6 6;
    7 4;
    6 -3];

A+B